###################################
ROBHeader
###################################
OARC: OARC
Unknown4: 4000000
NumSegments: 243
OARD: 4452414F
UnknownId: 61C3800
###################################
SegmentId: 2050,GR_COMP,0,301989888,16777216,0,20,4,20,0,0,0,10,2,10,10,2,10, 1970
SegmentId: 8632,CYSWD1,0,1459617792,16777216,0,8,73,14,0,0,0,4,7,7,4,66,7, 8552
SegmentId: 8140,CYSWD3,0,1459617792,16777216,0,8,14,15,0,0,0,4,0,7,4,14,8, 8060
SegmentId: 1982,XMONEY,0,318767104,16777216,0,14,6,20,0,0,0,7,3,10,7,3,10, 1902
SegmentId: 2478,HIRONSK,0,385875968,16777216,0,8,10,2,0,0,0,4,5,1,4,5,1, 2398
SegmentId: 2442,HHEALTH,0,335544320,16777216,0,6,10,2,0,0,0,3,5,1,3,5,1, 2362
SegmentId: 3144,GSWORD1A,0,486539264,16777216,0,2,69,10,0,0,0,1,4,5,1,65,5, 3064
SegmentId: 2894,GSWORD3A,0,419430400,16777216,0,2,9,10,0,0,0,1,0,5,1,9,5, 2814
SegmentId: 2796,XIRONKEY,0,385875968,16777216,0,9,20,1,0,0,0,4,0,1,5,20,0, 2716
SegmentId: 2578,XGOLDKEY,0,402653184,16777216,0,9,20,0,0,0,0,4,0,0,5,20,0, 2498
SegmentId: 3510,XSKEY,0,385875968,16777216,0,8,20,0,0,0,0,4,10,0,4,10,0, 3430
SegmentId: 7624,ATORSWRD,0,1207959552,16777216,0,6,82,11,0,0,0,3,7,5,3,75,6, 7544
SegmentId: 6922,ATORHILT,0,1308622848,16777216,0,6,12,11,0,0,0,3,0,6,3,12,5, 6842
SegmentId: 1594,NCBAR01,0,201326592,16777216,0,32,4,12,0,0,0,16,2,6,16,2,6, 1514
SegmentId: 1354,XRUNE,0,201326592,16777216,0,16,4,29,0,0,0,8,2,20,8,2,9, 1274
SegmentId: 3944,HPOTR,0,771751936,16777216,0,10,20,10,0,0,0,5,10,5,5,10,5, 3864
SegmentId: 3920,HPOTY,0,771751936,16777216,0,6,20,4,0,0,0,3,10,2,3,10,2, 3840
SegmentId: 4710,HPOTBL,0,939524096,16777216,0,6,18,4,0,0,0,3,9,2,3,9,2, 4630
SegmentId: 4018,HPOTGR,0,805306368,16777216,0,10,18,6,0,0,0,5,9,3,5,9,3, 3938
SegmentId: 1214,XDWBOOK,0,117440512,16777216,0,83,19,61,0,0,0,0,0,0,83,19,61, 1134
SegmentId: 5678,XCOG,0,721420288,16777216,0,51,50,26,0,0,0,25,25,12,26,25,14, 5598
SegmentId: 1414,NCELIX01,0,150994944,16777216,0,8,30,8,0,0,0,4,15,4,4,15,4, 1334
SegmentId: 2072,XWEIGHT,0,268435456,16777216,0,10,4,28,0,0,0,5,2,14,5,2,14, 1992
SegmentId: 2464,XBUCKETE,0,301989888,16777216,0,26,34,22,0,0,0,13,16,11,13,18,11, 2384
SegmentId: 2464,XBUCKETF,0,301989888,16777216,0,26,34,22,0,0,0,13,16,11,13,18,11, 2384
SegmentId: 2016,XCROWRUN,0,234881024,16777216,0,18,6,28,0,0,0,9,3,14,9,3,14, 1936
SegmentId: 1214,XELFBOOK,0,117440512,16777216,0,60,57,61,0,0,0,0,57,0,60,0,61, 1134
SegmentId: 1214,XREDBOOK,0,117440512,16777216,0,36,38,61,0,0,0,0,38,0,36,0,61, 1134
SegmentId: 1214,XFLBOOK,0,117440512,16777216,0,86,37,61,0,0,0,0,37,0,86,0,61, 1134
SegmentId: 2088,XPOUCH,0,285212672,16777216,0,20,8,22,0,0,0,10,4,11,10,4,11, 2008
SegmentId: 3696,XSHIP,0,436207616,16777216,0,18,28,30,0,0,0,9,14,15,9,14,15, 3616
SegmentId: 3784,GR_SHOV,0,704643072,16777216,0,82,10,104,0,0,0,82,0,73,0,10,31, 3704
SegmentId: 1042,XEAR,0,100663296,16777216,0,16,4,14,0,0,0,8,2,7,8,2,7, 962
SegmentId: 1318,TORCH,0,201326592,16777216,0,6,32,6,0,0,0,3,12,3,3,20,3, 1238
SegmentId: 1902,XEYEGLAS,0,234881024,16777216,0,7,0,23,0,0,0,3,0,11,4,0,12, 1822
SegmentId: 2398,XFLAG,0,402653184,16777216,0,20,48,0,0,0,0,0,6,0,20,42,0, 2318
SegmentId: 1840,XLOCKET,0,301989888,16777216,0,6,2,8,0,0,0,3,1,4,3,1,4, 1760
SegmentId: 3414,XFLASK,0,637534208,16777216,0,12,32,12,0,0,0,6,16,6,6,16,6, 3334
SegmentId: 5044,XHUNDING,0,754974720,16777216,0,18,28,18,0,0,0,9,14,9,9,14,9, 4964
SegmentId: 1214,XKBOOK,0,117440512,16777216,0,12,2,18,0,0,0,6,1,9,6,1,9, 1134
SegmentId: 1214,XISZBOOK,0,117440512,16777216,0,14,2,16,0,0,0,7,1,8,7,1,8, 1134
SegmentId: 3366,XKRISKEY,0,536870912,16777216,0,6,19,0,0,0,0,3,0,0,3,19,0, 3286
SegmentId: 3008,XISZAKEY,0,469762048,16777216,0,6,20,0,0,0,0,2,0,0,4,20,0, 2928
SegmentId: 4670,TV_BMUGG,0,620756992,16777216,0,12,11,8,0,0,0,0,5,4,12,6,4, 4590
SegmentId: 4552,CAN,0,805306368,16777216,0,9,13,20,0,0,0,2,5,0,7,8,20, 4472
SegmentId: 2400,XWATER1,0,335544320,16777216,0,6,20,4,0,0,0,3,10,2,3,10,2, 2320
SegmentId: 2400,XWATER2,0,335544320,16777216,0,6,20,4,0,0,0,3,10,2,3,10,2, 2320
SegmentId: 2400,XWATER3,0,335544320,16777216,0,6,20,4,0,0,0,3,10,2,3,10,2, 2320
SegmentId: 3178,HSTRENTH,0,603979776,16777216,0,6,10,2,0,0,0,3,5,1,3,5,1, 3098
SegmentId: 4710,TOBYMUG,0,637534208,16777216,0,10,13,16,0,0,0,5,6,15,5,7,1, 4630
SegmentId: 2112,XBONEKEY,0,335544320,16777216,0,6,25,4,0,0,0,3,25,1,3,0,3, 2032
SegmentId: 8632,FIRESWOR,0,1459617792,16777216,0,8,73,14,0,0,0,4,7,7,4,66,7, 8552
SegmentId: 2538,GSWORD,0,335544320,16777216,0,2,66,10,0,0,0,1,11,3,1,55,7, 2458
SegmentId: 5548,OGAX0000,0,1006632960,16777216,0,42,130,16,0,0,0,25,20,4,17,110,12, 5468
SegmentId: 4014,DRMSWRD1,0,536870912,16777216,0,4,81,6,0,0,0,2,14,3,2,67,3, 3934
SegmentId: 3012,DRMSWRD3,0,385875968,16777216,0,6,18,4,0,0,0,3,0,2,3,18,2, 2932
SegmentId: 3444,DRMBOW,0,536870912,16777216,0,3,116,7,0,0,0,2,58,6,1,58,1, 3364
SegmentId: 1658,DRMARRW,0,218103808,16777216,0,1,62,0,0,0,0,1,31,0,0,31,0, 1578
SegmentId: 1120,MKCRATE1,0,100663296,16777216,0,64,64,64,0,0,0,32,32,32,32,32,32, 1040
SegmentId: 894,ROPELINK,0,83886080,16777216,0,3,16,4,0,0,0,2,8,2,1,8,2, 814
SegmentId: 838,RAINDROP,0,100663296,16777216,0,0,48,20,0,0,0,0,48,20,0,0,0, 758
SegmentId: 1270,SHARKFIN,0,150994944,16777216,0,2,35,37,0,0,0,1,0,18,1,35,19, 1190
SegmentId: 5608,MEGAFISH,0,905969664,16777216,0,1649,1262,2677,0,0,0,824,668,953,825,594,1724, 5528
SegmentId: 3976,DOLPHIN,0,704643072,16777216,0,81,77,147,0,0,0,41,40,62,40,37,85, 3896
SegmentId: 13588,SHIPWRK2,0,2617245696,16777216,0,362,188,124,0,0,0,181,94,62,181,94,62, 13508
SegmentId: 10166,SHIPWRK1,0,1879048192,16777216,0,336,188,124,0,0,0,168,94,62,168,94,62, 10086
SegmentId: 1308,SKELVRT8,0,184549376,16777216,0,44,46,106,0,0,0,22,21,58,22,25,48, 1228
SegmentId: 2206,SKELVRT1,0,352321536,16777216,0,32,44,62,0,0,0,16,22,31,16,22,31, 2126
SegmentId: 2206,SKELVRT2,0,352321536,16777216,0,32,30,83,0,0,0,16,11,45,16,19,38, 2126
SegmentId: 1254,SKELVRT3,0,184549376,16777216,0,32,24,62,0,0,0,16,9,34,16,15,28, 1174
SegmentId: 1284,SKELVRT5,0,184549376,16777216,0,32,31,84,0,0,0,16,10,42,16,21,42, 1204
SegmentId: 2236,SKELVRT6,0,352321536,16777216,0,46,44,122,0,0,0,23,16,66,23,28,56, 2156
SegmentId: 1284,SKELVRT7,0,184549376,16777216,0,44,42,116,0,0,0,22,13,58,22,29,58, 1204
SegmentId: 1278,SKELVRT9,0,184549376,16777216,0,44,43,110,0,0,0,22,21,55,22,22,55, 1198
SegmentId: 2794,SKELVRX2,0,402653184,16777216,0,114,100,40,0,0,0,57,50,20,57,50,20, 2714
SegmentId: 6648,SKELVRX7,0,1191182336,16777216,0,146,166,22,0,0,0,73,83,11,73,83,11, 6568
SegmentId: 6588,SKELVRX6,0,1191182336,16777216,0,212,242,32,0,0,0,106,121,16,106,121,16, 6508
SegmentId: 6618,SKELVRX5,0,1191182336,16777216,0,262,306,40,0,0,0,131,153,20,131,153,20, 6538
SegmentId: 6566,SKELVRX3,0,1174405120,16777216,0,296,420,60,0,0,0,148,210,30,148,210,30, 6486
SegmentId: 6618,SKELVRX4,0,1191182336,16777216,0,340,458,50,0,0,0,170,229,25,170,229,25, 6538
SegmentId: 2394,SKELVRX1,0,335544320,16777216,0,92,46,30,0,0,0,46,23,15,46,23,15, 2314
SegmentId: 2626,RR_CHLID,0,301989888,16777216,0,42,13,64,0,0,0,42,0,32,0,13,32, 2546
SegmentId: 1758,RR_CHEST,0,234881024,16777216,0,42,24,64,0,0,0,21,12,32,21,12,32, 1678
SegmentId: 6658,PLANT002,0,1258291712,16777216,0,185,92,126,0,0,0,84,41,72,101,51,54, 6578
SegmentId: 4774,LH_WALL2,0,603979776,16777216,0,898,298,720,0,0,0,449,149,440,449,149,280, 4694
SegmentId: 12218,LH_BLD2,0,1979711488,16777216,0,704,656,540,0,0,0,352,328,302,352,328,238, 12138
SegmentId: 3268,XSTRENTH,0,603979776,16777216,0,12,20,4,0,0,0,6,10,2,6,10,2, 3188
SegmentId: 2442,XHEALTH,0,335544320,16777216,0,14,20,4,0,0,0,7,10,2,7,10,2, 2362
SegmentId: 2232,TV_BOTTL,0,335544320,16777216,0,12,27,10,0,0,0,6,16,5,6,11,5, 2152
SegmentId: 8684,ALCTAB01,0,1073741824,16777216,0,96,52,96,0,0,0,48,26,48,48,26,48, 8604
SegmentId: 6258,ALCHAIR1,0,939524096,16777216,0,72,32,38,0,0,0,36,16,19,36,16,19, 6178
SegmentId: 2950,LH_WALL3,0,402653184,16777216,0,964,128,146,0,0,0,482,64,73,482,64,73, 2870
SegmentId: 17546,LH_BLD3,0,2684354560,16777216,0,758,752,464,0,0,0,458,438,228,300,314,236, 17466
SegmentId: 7944,CAMPFIRE,0,1543503872,16777216,0,192,24,212,0,0,0,96,12,106,96,12,106, 7864
SegmentId: 22256,BOAT1,0,4194304000,16777216,0,1080,1630,3104,0,0,0,576,0,1552,504,1630,1552, 22176
SegmentId: 12830,SKELHEAD,0,2684354560,16777216,0,192,243,194,0,0,0,96,115,97,96,128,97, 12750
SegmentId: 4674,LH_WALL4,0,637534208,16777216,0,120,272,344,0,0,0,60,136,186,60,136,158, 4594
SegmentId: 15582,LH_BLD1,0,2499805184,16777216,0,398,592,464,0,0,0,149,266,203,249,326,261, 15502
SegmentId: 4114,PLANT001,0,603980288,16777216,0,164,82,149,0,0,0,73,0,75,91,82,74, 4034
SegmentId: 18920,LH_LEKI,0,2936012800,16777216,0,538,646,622,0,0,0,269,323,311,269,323,311, 18840
SegmentId: 3090,LH_WALL1,0,385875968,16777216,0,138,128,1016,0,0,0,69,64,508,69,64,508, 3010
SegmentId: 20550,LH_BLD4,0,2852126720,16777216,0,400,695,704,0,0,0,207,361,345,193,334,359, 20470
SegmentId: 7622,PALMTR01,0,1375731714,16777216,0,381,577,392,0,0,0,202,435,210,179,142,182, 7542
SegmentId: 7064,PALMTR02,0,1174405122,16777216,0,337,359,279,0,0,0,178,265,135,159,94,144, 6984
SegmentId: 9298,PLANT004,0,1509949440,16777216,0,314,421,258,0,0,0,184,211,140,130,210,118, 9218
SegmentId: 34334,LH_SHRIN,0,2466250752,16777217,0,352,464,432,0,0,0,177,180,261,175,284,171, 34254
SegmentId: 1120,LH_LEVR,0,100663296,16777216,0,4,32,4,0,0,0,2,2,2,2,30,2, 1040
SegmentId: 2118,LH_SHUT,0,335544320,16777216,0,21,54,108,0,0,0,21,54,54,0,0,54, 2038
SegmentId: 2440,LH_MIRR,2348810240,402653184,16777216,0,20,100,100,0,0,0,10,50,50,10,50,50, 2360
SegmentId: 5604,LH_MSTAN,0,788529152,16777216,0,40,169,114,0,0,0,20,112,57,20,57,57, 5524
SegmentId: 1730,LH_DOOR,0,167772160,16777216,0,126,186,16,0,0,0,0,93,16,126,93,0, 1650
SegmentId: 3922,LH_PYRE,0,704643072,16777216,0,180,72,180,0,0,0,90,36,90,90,36,90, 3842
SegmentId: 3936,LH_POLE,0,637534208,16777216,0,172,1312,164,0,0,0,86,656,82,86,656,82, 3856
SegmentId: 60710,LH_EXT1,0,2449473536,16777218,0,851,1882,851,0,0,0,365,941,365,486,941,486, 60630
SegmentId: 1120,LH_DOCKP,0,100663296,16777216,0,32,368,32,0,0,0,16,256,16,16,112,16, 1040
SegmentId: 2390,LH_DOCK,0,318767104,16777216,0,1088,64,1152,0,0,0,544,32,576,544,32,576, 2310
SegmentId: 1706,DR_ARROW,0,218103808,16777216,0,30,296,24,0,0,0,15,148,12,15,148,12, 1626
SegmentId: 74202,DR_XBOW,0,536870912,16777219,0,622,270,398,0,0,0,311,135,199,311,135,199, 74122
SegmentId: 6282,DRWALL4,0,838860800,16777216,0,1232,256,754,0,0,0,527,128,377,705,128,377, 6202
SegmentId: 4922,DRWALL3,0,721420288,16777216,0,1112,256,224,0,0,0,556,128,112,556,128,112, 4842
SegmentId: 1072,DR_EXRB3,0,100663296,16777216,0,224,154,96,0,0,0,112,77,48,112,77,48, 992
SegmentId: 1816,DR_EXPLC,0,201326592,16777216,0,72,288,72,0,0,0,36,144,36,36,144,36, 1736
SegmentId: 3678,DR_EXPLB,0,587202560,16777216,0,152,96,152,0,0,0,76,48,76,76,48,76, 3598
SegmentId: 1194,DRWALLR1,0,134217728,16777216,0,192,36,96,0,0,0,96,18,48,96,18,48, 1114
SegmentId: 3880,PLANT000,0,603980288,16777216,0,227,129,217,0,0,0,117,0,112,110,129,105, 3800
SegmentId: 10078,PLANT003,0,1711276032,16777216,0,117,215,124,0,0,0,59,108,62,58,107,62, 9998
SegmentId: 2158,CAMPW2,0,251658240,16777216,0,32,58,58,0,0,0,14,29,29,18,29,29, 2078
SegmentId: 1042,CAMPW5,0,100663296,16777216,0,12,8,6,0,0,0,6,4,3,6,4,3, 962
SegmentId: 3026,DRWALL5,0,419430400,16777216,0,256,256,1088,0,0,0,128,128,544,128,128,544, 2946
SegmentId: 1410,DR_EDRA2,0,134217728,16777216,0,149,292,31,0,0,0,0,146,31,149,146,0, 1330
SegmentId: 1410,DR_EDRA1,0,134217728,16777216,0,149,292,32,0,0,0,149,146,32,0,146,0, 1330
SegmentId: 1072,DR_EXRB4,0,100663296,16777216,0,224,154,224,0,0,0,112,77,112,112,77,112, 992
SegmentId: 3354,DR_EXPLA,0,536870912,16777216,0,152,378,152,0,0,0,76,189,76,76,189,76, 3274
SegmentId: 4566,DR_EXFNT,0,687865856,16777216,0,506,68,506,0,0,0,253,34,253,253,34,253, 4486
SegmentId: 1120,DR_SIGN,0,100663296,16777216,0,4,40,32,0,0,0,2,20,16,2,20,16, 1040
SegmentId: 3416,DR_SWOR1,0,419430400,16777216,0,8,312,48,0,0,0,4,156,24,4,156,24, 3336
SegmentId: 4882,DR_RTARO,0,956301312,16777216,0,34,152,67,0,0,0,16,142,24,18,10,43, 4802
SegmentId: 4952,DR_LFARO,0,973078528,16777216,0,34,79,137,0,0,0,18,67,4,16,12,133, 4872
SegmentId: 27682,DR_STATU,0,1191182336,16777217,0,143,387,76,0,0,0,73,186,34,70,201,42, 27602
SegmentId: 6478,DRWALL2,0,1006632960,16777216,0,736,320,1040,0,0,0,345,0,597,391,320,443, 6398
SegmentId: 6166,CAMPW6,0,905969664,16777216,0,296,56,167,0,0,0,148,28,84,148,28,83, 6086
SegmentId: 1224,DRWALLR2,0,134217728,16777216,0,136,28,96,0,0,0,68,14,48,68,14,48, 1144
SegmentId: 2330,DRWALL6,0,268435456,16777216,0,408,256,576,0,0,0,204,128,288,204,128,288, 2250
SegmentId: 1416,DR_XDOO2,0,134217728,16777216,0,122,250,32,0,0,0,0,125,32,122,125,0, 1336
SegmentId: 10090,DR_EXEN1,0,1459617792,16777216,0,1024,1088,660,0,0,0,512,544,330,512,544,330, 10010
SegmentId: 2382,DRWALL1,0,335544320,16777216,0,148,320,332,0,0,0,100,0,176,48,320,156, 2302
SegmentId: 8880,DR_EXTW2,0,1493172224,16777216,0,602,2008,604,0,0,0,301,1004,303,301,1004,301, 8800
SegmentId: 19410,DR_EXT1,0,3154116608,16777216,0,4088,3312,3864,0,0,0,2040,622,1912,2048,2690,1952, 19330
SegmentId: 7526,DR_EXHS1,0,1174405120,16777216,0,520,1012,1372,0,0,0,260,506,686,260,506,686, 7446
SegmentId: 21214,DR_EXHS2,0,3120562176,16777216,0,3454,1764,1280,0,0,0,1727,890,640,1727,874,640, 21134
SegmentId: 11084,DR_EXTW1,0,1879048192,16777216,0,838,2543,836,0,0,0,420,1567,418,418,976,418, 11004
SegmentId: 3062,SHRINE04,0,419430400,16777216,0,256,24,256,0,0,0,128,12,128,128,12,128, 2982
SegmentId: 51638,ARKAY,0,1644167168,16777218,0,740,970,476,0,0,0,370,485,247,370,485,229, 51558
SegmentId: 2752,OB_EXT03,0,301989888,16777216,0,632,248,512,0,0,0,439,216,256,193,32,256, 2672
SegmentId: 1166,DR_FIT16,0,117440512,16777216,0,52,244,45,0,0,0,26,122,19,26,122,26, 1086
SegmentId: 1072,DR_EXRB2,0,100663296,16777216,0,96,416,160,0,0,0,48,208,80,48,208,80, 992
SegmentId: 1190,DR_EXRB1,0,117440512,16777216,0,96,548,256,0,0,0,48,274,128,48,274,128, 1110
SegmentId: 8560,OB_EXT06,0,1358954496,16777216,0,220,220,351,0,0,0,112,110,49,108,110,302, 8480
SegmentId: 3240,OB_EXT07,0,536870912,16777216,0,174,192,119,0,0,0,87,96,28,87,96,91, 3160
SegmentId: 8832,OB_EXT09,0,1241513984,16777216,0,60,310,316,0,0,0,30,155,158,30,155,158, 8752
SegmentId: 5068,OB_EXT05,0,754974720,16777216,0,256,256,192,0,0,0,128,128,38,128,128,154, 4988
SegmentId: 4930,OB_EXT04,0,805306368,16777216,0,346,346,237,0,0,0,173,173,87,173,173,150, 4850
SegmentId: 14096,OB_EXT11,0,2684354560,16777216,0,2024,980,1046,0,0,0,1012,490,523,1012,490,523, 14016
SegmentId: 17002,OB_EXT01,0,2315255808,16777216,0,1916,800,1896,0,0,0,958,400,948,958,400,948, 16922
SegmentId: 3914,OB_EXT10,0,570425344,16777216,0,1522,768,1896,0,0,0,761,384,948,761,384,948, 3834
SegmentId: 8832,OB_EXT08,0,1241513984,16777216,0,340,60,346,0,0,0,170,30,173,170,30,173, 8752
SegmentId: 20924,OB_EXT00,0,3590324224,16777216,0,2024,980,2062,0,0,0,1012,416,1016,1012,564,1046, 20844
SegmentId: 15942,OB_EXT02,0,2499805184,16777216,0,960,765,1190,0,0,0,480,188,480,480,577,710, 15862
SegmentId: 10396,OB_EXT12,0,1862270976,16777216,0,2024,980,1016,0,0,0,1012,490,508,1012,490,508, 10316
SegmentId: 11208,DR_FIT15,0,1744830464,16777216,0,84,72,3452,0,0,0,42,36,1726,42,36,1726, 11128
SegmentId: 38650,DRBRIDA1,0,1241513984,16777217,0,640,3083,3668,0,0,0,320,1492,1831,320,1591,1837, 38570
SegmentId: 37716,DRBRIDA2,0,1174405120,16777217,0,640,3083,3668,0,0,0,320,1492,1831,320,1591,1837, 37636
SegmentId: 4996,DR_FIT13,0,855638016,16777216,0,829,202,88,0,0,0,421,101,49,408,101,39, 4916
SegmentId: 3198,DR_FIT14,0,486539264,16777216,0,46,205,88,0,0,0,23,104,46,23,101,42, 3118
SegmentId: 1568,RDSIGN2B,0,167772160,16777216,0,80,16,4,0,0,0,42,6,2,38,10,2, 1488
SegmentId: 1568,RDSIGN1B,0,167772160,16777216,0,80,16,4,0,0,0,38,6,2,42,10,2, 1488
SegmentId: 1224,RDPOST,0,134217728,16777216,0,14,192,12,0,0,0,7,59,6,7,133,6, 1144
SegmentId: 7308,WHEEL,0,1191182336,16777216,0,48,48,10,0,0,0,24,24,5,24,24,5, 7228
SegmentId: 3646,DR_EXPP,0,553648128,16777216,0,54,88,74,0,0,0,27,44,37,27,44,37, 3566
SegmentId: 8090,DR_FIT09,0,1325400064,16777216,0,160,508,164,0,0,0,80,254,82,80,254,82, 8010
SegmentId: 3240,DR_FIT12,0,536870912,16777216,0,84,72,112,0,0,0,42,36,56,42,36,56, 3160
SegmentId: 2872,DR_FIT11,0,402653184,16777216,0,52,46,248,0,0,0,26,23,124,26,23,124, 2792
SegmentId: 6668,DR_FIT10,0,1073741824,16777216,0,135,536,177,0,0,0,65,268,90,70,268,87, 6588
SegmentId: 2104,DR_FLWR9,0,201326592,16777216,0,448,24,221,0,0,0,224,24,221,224,0,0, 2024
SegmentId: 28666,DR_EXT2B,0,134217728,16777217,0,3824,2072,2424,0,0,0,1912,1036,1275,1912,1036,1149, 28586
SegmentId: 3058,DR_EXST1,0,402653184,16777216,0,1024,240,384,0,0,0,512,120,192,512,120,192, 2978
SegmentId: 6936,DR_FIT08,0,1140850688,16777216,0,136,504,176,0,0,0,68,252,88,68,252,88, 6856
SegmentId: 1786,DR_EXPLF,0,201326592,16777216,0,72,130,72,0,0,0,36,65,36,36,65,36, 1706
SegmentId: 3682,DR_FLWR5,0,503316480,16777216,0,122,512,106,0,0,0,61,232,53,61,280,53, 3602
SegmentId: 3832,DR_FLWR3,0,402653184,16777216,0,320,24,122,0,0,0,256,12,61,64,12,61, 3752
SegmentId: 5240,DR_FLWR2,0,671088640,16777216,0,448,24,217,0,0,0,224,24,217,224,0,0, 5160
SegmentId: 5240,DR_FLWR1,0,671088640,16777216,0,448,24,217,0,0,0,224,24,0,224,0,217, 5160
SegmentId: 2412,DR_FLWR6,0,285212672,16777216,0,56,448,22,0,0,0,28,331,11,28,117,11, 2332
SegmentId: 12556,DR_FIT05,0,2214592512,16777216,0,476,100,707,0,0,0,115,49,113,361,51,594, 12476
SegmentId: 13490,DR_FIT06,0,2332033024,16777216,0,476,100,707,0,0,0,361,49,112,115,51,595, 13410
SegmentId: 59406,DR_EXT2C,0,1409286144,16777218,0,2848,2200,2816,0,0,0,1062,1100,1412,1786,1100,1404, 59326
SegmentId: 3354,DR_EXPLE,0,536870912,16777216,0,152,249,152,0,0,0,76,128,76,76,121,76, 3274
SegmentId: 8208,PALMTR03,0,1644167170,16777216,0,499,417,391,0,0,0,183,311,213,316,106,178, 8128
SegmentId: 29814,BOAT2UP,0,1073741824,16777217,0,1344,1767,2018,0,0,0,656,0,1009,688,1767,1009, 29734
SegmentId: 33906,DR_EXT2A,0,1174405120,16777217,0,2168,2200,3064,0,0,0,1168,1100,1528,1000,1100,1536, 33826
SegmentId: 3182,DR_EXST2,0,419430400,16777216,0,256,240,384,0,0,0,128,120,192,128,120,192, 3102
SegmentId: 3354,DR_EXPLD,0,536870912,16777216,0,152,186,152,0,0,0,76,93,76,76,93,76, 3274
SegmentId: 1362,DR_EXPAD,0,134217728,16777216,0,220,32,264,0,0,0,110,16,132,110,16,132, 1282
SegmentId: 2366,DR_EXMC,0,318767104,16777216,0,282,230,326,0,0,0,141,115,163,141,115,163, 2286
SegmentId: 4418,DR_EXMB,0,721420288,16777216,0,338,160,104,0,0,0,169,80,52,169,80,52, 4338
SegmentId: 13092,DR_EXMA,0,2197815296,16777216,0,959,400,269,0,0,0,476,200,133,483,200,136, 13012
SegmentId: 3656,DR_FLWR8,0,369098752,16777216,0,448,24,442,0,0,0,224,12,221,224,12,221, 3576
SegmentId: 14694,DR_FIT03,0,2650800128,16777216,0,476,100,707,0,0,0,115,50,113,361,50,594, 14614
SegmentId: 12456,DR_FIT01,0,2197815296,16777216,0,406,100,710,0,0,0,361,49,115,45,51,595, 12376
SegmentId: 12618,DR_FIT04,0,2248146944,16777216,0,406,100,707,0,0,0,45,49,113,361,51,594, 12538
SegmentId: 13482,DR_FIT02,0,2399141888,16777216,0,476,100,707,0,0,0,361,49,113,115,51,594, 13402
SegmentId: 3062,SHRINE03,0,419430400,16777216,0,256,24,256,0,0,0,128,12,128,128,12,128, 2982
SegmentId: 5542,SH_PILA,0,1006632960,16777216,0,80,296,80,0,0,0,40,148,40,40,148,40, 5462
SegmentId: 9166,SH_TOP1,0,1308622848,16777216,0,652,32,652,0,0,0,326,16,326,326,16,326, 9086
SegmentId: 4286,SH_PILC,0,771751936,16777216,0,42,42,138,0,0,0,21,21,69,21,21,69, 4206
SegmentId: 37176,HUNDING,0,2483027968,16777217,0,744,2672,1870,0,0,0,372,1336,938,372,1336,932, 37096
SegmentId: 1120,GANGWAY,0,100663296,16777216,0,256,4,118,0,0,0,128,2,59,128,2,59, 1040
SegmentId: 2810,BARREL,0,469762304,16777216,0,63,63,55,0,0,0,31,31,27,32,32,28, 2730
SegmentId: 966,HBDOCK07,0,83886080,16777216,0,64,256,64,0,0,0,32,128,32,32,128,32, 886
SegmentId: 2874,PYRE1,0,385875968,16777216,0,226,452,52,0,0,0,113,226,26,113,226,26, 2794
SegmentId: 6476,PYRE2,0,1023410176,16777216,0,384,151,384,0,0,0,190,111,191,194,40,193, 6396
SegmentId: 2182,TWNGATE7,0,251658240,16777216,0,384,512,256,0,0,0,192,256,128,192,256,128, 2102
SegmentId: 3722,TWNGATE6,0,520093696,16777216,0,256,1344,256,0,0,0,128,672,128,128,672,128, 3642
SegmentId: 842,TWNGATE2,0,67108864,16777216,0,256,512,256,0,0,0,128,256,128,128,256,128, 762
SegmentId: 842,TWNGATE9,0,67108864,16777216,0,256,512,256,0,0,0,128,256,128,128,256,128, 762
SegmentId: 10768,TWNGATE8,0,1509949440,16777216,0,1024,1344,320,0,0,0,512,672,160,512,672,160, 10688
SegmentId: 6306,PALMTR04,0,1241513986,16777216,0,320,629,391,0,0,0,151,523,210,169,106,181, 6226
SegmentId: 13956,TSBLG02,0,1996488704,16777216,0,680,1024,458,0,0,0,340,512,229,340,512,229, 13876
SegmentId: 21072,DR_EXT2D,0,3556769792,16777216,0,4336,2326,2424,0,0,0,2168,1163,1208,2168,1163,1216, 20992
SegmentId: 2834,SH_TOP2,0,369098752,16777216,0,314,32,260,0,0,0,157,16,130,157,16,130, 2754
SegmentId: 4042,SH_PILB,0,754974720,16777216,0,80,158,80,0,0,0,40,79,40,40,79,40, 3962
SegmentId: 6868,HUNDWL01,0,956301312,16777216,0,272,1900,1902,0,0,0,136,950,951,136,950,951, 6788
SegmentId: 10378,BOAT3UP,0,1862270976,16777216,0,388,1018,1416,0,0,0,237,0,781,151,1018,635, 10298
SegmentId: 21978,BOAT4UP,0,4060086272,16777216,0,784,1198,1712,0,0,0,539,0,858,245,1198,854, 21898
SegmentId: 1120,HBDOCK05,0,100663296,16777216,0,512,64,1280,0,0,0,256,32,640,256,32,640, 1040
SegmentId: 4892,HBDOCK08,0,721420288,16777216,0,512,245,260,0,0,0,256,144,117,256,101,143, 4812
SegmentId: 966,HBDOCK06,0,83886080,16777216,0,64,384,64,0,0,0,32,320,32,32,64,32, 886
SegmentId: 8576,TSBLG06,0,1275068416,16777216,0,519,783,615,0,0,0,265,475,359,254,308,256, 8496
SegmentId: 4802,SIGN05,0,570425344,16777216,0,88,112,16,0,0,0,43,105,8,45,7,8, 4722
SegmentId: 3060,LANTERN4,0,536870912,16777216,0,48,82,48,0,0,0,24,24,24,24,58,24, 2980
SegmentId: 1426,SIGNHG02,0,201326592,16777216,0,143,13,10,0,0,0,64,13,10,79,0,0, 1346
SegmentId: 23852,TEMPLE,0,3388997632,16777216,0,1480,1092,1408,0,0,0,745,512,909,735,580,499, 23772
SegmentId: 1472,TORCH01,0,167772160,16777216,0,8,56,8,0,0,0,4,28,4,4,28,4, 1392
SegmentId: 1782,LANTHOL1,0,234881024,16777216,0,56,32,22,0,0,0,28,16,11,28,16,11, 1702
SegmentId: 3174,SIGNHG01,0,486539264,16777216,0,127,36,23,0,0,0,63,32,23,64,4,0, 3094
SegmentId: 4802,SIGN03,0,570425344,16777216,0,103,119,16,0,0,0,52,111,7,51,8,9, 4722
SegmentId: 16482,MGUILD,0,2600468480,16777216,0,1127,1120,1084,0,0,0,619,399,513,508,721,571, 16402
SegmentId: 4826,SIGN08,0,570425344,16777216,0,97,117,16,0,0,0,56,108,8,41,9,8, 4746
SegmentId: 13614,TSBLG11,0,1744830464,16777216,0,920,928,992,0,0,0,468,369,571,452,559,421, 13534
SegmentId: 1810,HBWALL02,0,251658240,16777216,0,554,768,543,0,0,0,277,384,266,277,384,277, 1730
SegmentId: 1366,HBWALL05,0,201326592,16777216,0,256,768,560,0,0,0,128,384,280,128,384,280, 1286
SegmentId: 1426,FLAGPOLE,0,201326592,16777216,0,12,404,10,0,0,0,6,202,5,6,202,5, 1346
SegmentId: 2882,BASKET01,0,469762304,16777216,0,64,58,56,0,0,0,32,29,28,32,29,28, 2802
SegmentId: 942,HBDOCK04,0,83886080,16777216,0,512,64,896,0,0,0,512,32,512,0,32,384, 862
SegmentId: 1766,LANTERN3,0,268435456,16777216,0,40,42,27,0,0,0,0,21,12,40,21,15, 1686
SegmentId: 2210,LANTERN1,0,369098752,16777216,0,30,42,26,0,0,0,15,21,13,15,21,13, 2130
SegmentId: 942,HBDOCK02,0,83886080,16777216,0,512,64,384,0,0,0,224,32,192,288,32,192, 862
SegmentId: 3256,HBBLD02,0,402653184,16777216,0,220,104,503,0,0,0,110,55,249,110,49,254, 3176
SegmentId: 19090,HBBLD01,0,2818572288,16777216,0,379,1246,378,0,0,0,195,728,195,184,518,183, 19010
SegmentId: 12914,HBBLG01,0,1627389952,16777216,0,527,608,352,0,0,0,179,291,176,348,317,176, 12834
SegmentId: 1090,HBDOCK03,0,100663296,16777216,0,512,64,384,0,0,0,224,32,192,288,32,192, 1010
SegmentId: 4474,HBBLG03,0,553648128,16777216,0,383,301,365,0,0,0,200,124,102,183,177,263, 4394
SegmentId: 10622,PLWLKRL,0,1577058304,16777216,0,384,416,736,0,0,0,192,220,368,192,196,368, 10542
SegmentId: 2210,PLPOOL2,0,318767104,16777216,0,864,160,1024,0,0,0,448,160,512,416,0,512, 2130
SegmentId: 2292,PLPOOL,0,335544320,16777216,0,864,64,1024,0,0,0,448,32,510,416,32,514, 2212
SegmentId: 4826,SIGN02,0,570425344,16777216,0,97,117,16,0,0,0,56,108,8,41,9,8, 4746
SegmentId: 11620,TSBLG07,0,1610612736,16777216,0,627,589,627,0,0,0,244,198,380,383,391,247, 11540
SegmentId: 2820,RDPIKE,0,436207616,16777216,0,10,192,8,0,0,0,5,96,4,5,96,4, 2740
SegmentId: 1318,ALCSIGN2,0,150994944,16777216,0,16,204,16,0,0,0,8,102,8,8,102,8, 1238
SegmentId: 8724,HBGATE,0,1191182336,16777216,0,951,1600,950,0,0,0,475,800,475,476,800,475, 8644
SegmentId: 8944,HBGATE1,0,1107296256,16777216,0,462,620,64,0,0,0,232,312,32,230,308,32, 8864
SegmentId: 1226,HBDOCK10,0,117440512,16777216,0,864,64,384,0,0,0,480,42,192,384,22,192, 1146
SegmentId: 486,HBCLOTH5,0,33554432,16777216,0,16,32,0,0,0,0,0,32,0,16,0,0, 406
SegmentId: 486,HBCLOTH3,0,33554432,16777216,0,48,32,0,0,0,0,16,32,0,32,0,0, 406
SegmentId: 1404,HBCLOTH2,0,184549376,16777216,0,36,33,0,0,0,0,18,33,0,18,0,0, 1324
SegmentId: 994,HBCLOTH1,0,100663296,16777216,0,20,41,0,0,0,0,9,41,0,11,0,0, 914
SegmentId: 1366,HBLINE01,0,150994944,16777216,0,700,21,2,0,0,0,350,9,1,350,12,1, 1286
SegmentId: 3634,LANTERN2,0,603979776,16777216,0,30,74,26,0,0,0,15,66,13,15,8,13, 3554
SegmentId: 3110,POT01,0,520093696,16777216,0,64,66,56,0,0,0,32,36,29,32,30,27, 3030
SegmentId: 17698,HBJUMP04,0,2516582400,16777216,0,768,832,1262,0,0,0,355,486,545,413,346,717, 17618
SegmentId: 5600,TV_SEAT,0,822083584,16777216,0,34,72,32,0,0,0,17,36,16,17,36,16, 5520
SegmentId: 4932,FURNTBL2,0,587202560,16777216,0,96,59,74,0,0,0,49,35,36,47,24,38, 4852
SegmentId: 4802,SIGN04,0,570425344,16777216,0,88,112,16,0,0,0,43,105,8,45,7,8, 4722
SegmentId: 3792,HBJUMP01,0,436207616,16777216,0,283,283,510,0,0,0,75,123,194,208,160,316, 3712
SegmentId: 11212,HBJUMP02,0,1409286144,16777216,0,878,800,1074,0,0,0,480,384,432,398,416,642, 11132
SegmentId: 4158,HBBLD04,0,436207616,16777216,0,480,367,139,0,0,0,270,171,74,210,196,65, 4078
SegmentId: 7824,HBBRIDGE,0,1392508928,16777216,0,510,552,1222,0,0,0,256,308,618,254,244,604, 7744
SegmentId: 18138,HBBLD03,0,2801795072,16777216,0,379,1246,576,0,0,0,220,717,289,159,529,287, 18058
SegmentId: 9800,HBBLG02,0,1174405120,16777216,0,383,461,365,0,0,0,193,303,125,190,158,240, 9720
SegmentId: 2810,BASKET02,0,469762304,16777216,0,64,63,56,0,0,0,32,30,28,32,33,28, 2730
SegmentId: 8714,CCGRATE,0,1325400064,16777216,0,533,364,230,0,0,0,264,183,112,269,181,118, 8634
SegmentId: 2394,BELL,0,335544320,16777216,0,76,65,87,0,0,0,38,31,44,38,34,43, 2314
SegmentId: 18272,MKBLG6,0,2382364672,16777216,0,416,759,288,0,0,0,200,420,152,216,339,136, 18192
SegmentId: 10592,PLWLKFB,0,1577058304,16777216,0,384,416,864,0,0,0,192,220,464,192,196,400, 10512
SegmentId: 14616,PLCENTER,0,2197815296,16777216,0,564,952,564,0,0,0,282,488,282,282,464,282, 14536
SegmentId: 4028,TS_ROPEH,0,570425344,16777216,0,36,36,48,0,0,0,18,18,24,18,18,24, 3948
SegmentId: 25810,WELL01,0,3774873600,16777216,0,627,680,723,0,0,0,313,292,353,314,388,370, 25730
SegmentId: 12120,TS_WHEEL,0,2449473536,16777216,0,48,48,10,0,0,0,24,24,5,24,24,5, 12040
SegmentId: 11746,TSBLG09,0,1409286144,16777216,0,452,914,320,0,0,0,227,503,230,225,411,90, 11666
SegmentId: 15200,TSBLG04,0,1979711488,16777216,0,626,694,431,0,0,0,313,360,209,313,334,222, 15120
SegmentId: 12970,TSSBLG02,0,1761607680,16777216,0,432,855,627,0,0,0,207,455,308,225,400,319, 12890
SegmentId: 8130,TSSBLG03,0,1140850688,16777216,0,448,728,577,0,0,0,217,271,320,231,457,257, 8050
SegmentId: 7106,CAMPW1,0,1124073472,16777216,0,76,48,127,0,0,0,38,24,63,38,24,64, 7026
SegmentId: 5366,CAMP3,0,771751936,16777216,0,34,72,32,0,0,0,17,36,16,17,36,16, 5286
SegmentId: 4406,CAMP2,0,520093696,16777216,0,64,52,160,0,0,0,32,20,80,32,32,80, 4326
SegmentId: 46298,DR_DIRIG,0,3976200192,16777217,0,1636,1838,3468,0,0,0,818,919,1734,818,919,1734, 46218
SegmentId: 6880,CAMP1,0,1056964608,16777216,0,224,256,290,0,0,0,112,128,129,112,128,161, 6800
SegmentId: 3172,POTNGR02,0,553648128,16777216,0,10,30,16,0,0,0,5,15,8,5,15,8, 3092
SegmentId: 2358,ALCSIGN,0,285212672,16777216,0,64,92,16,0,0,0,32,46,8,32,46,8, 2278
SegmentId: 976,NCBONE02,0,100663296,16777216,0,54,4,4,0,0,0,27,2,2,27,2,2, 896
SegmentId: 976,NCBONE01,0,100663296,16777216,0,28,4,4,0,0,0,14,2,2,14,2,2, 896
SegmentId: 6114,NCSKUL01,0,1191182336,16777216,0,10,16,16,0,0,0,5,8,8,5,8,8, 6034
SegmentId: 4518,NCCHEST,0,788529152,16777216,0,30,28,20,0,0,0,15,14,10,15,14,10, 4438
SegmentId: 794,ALCBROK4,0,67108864,16777216,0,12,2,10,0,0,0,6,1,5,6,1,5, 714
SegmentId: 3842,ALCBROK3,0,570425344,16777216,0,12,14,12,0,0,0,6,7,6,6,7,6, 3762
SegmentId: 3842,ALCBROK1,0,570425344,16777216,0,16,16,16,0,0,0,8,8,8,8,8,8, 3762
SegmentId: 5454,ALCBROK2,0,838860800,16777216,0,16,28,16,0,0,0,8,14,8,8,14,8, 5374
SegmentId: 3518,POTNBL02,0,620756992,16777216,0,10,30,8,0,0,0,5,15,4,5,15,4, 3438
SegmentId: 3226,POTNYL02,0,603979776,16777216,0,10,32,8,0,0,0,5,16,4,5,16,4, 3146
SegmentId: 3226,POTNRD02,0,603979776,16777216,0,18,32,16,0,0,0,9,16,8,9,16,8, 3146
SegmentId: 4682,SHELVES,0,469762048,16777216,0,64,56,36,0,0,0,32,36,18,32,20,18, 4602
SegmentId: 7506,PUMP,0,1191182336,16777216,0,54,68,14,0,0,0,27,34,7,27,34,7, 7426
SegmentId: 27852,SHACK01,0,16777216,16777217,0,496,296,496,0,0,0,248,148,248,248,148,248, 27772
SegmentId: 1794,HBWALL06,0,234881024,16777216,0,478,1008,256,0,0,0,222,704,128,256,304,128, 1714
SegmentId: 1886,HBWALL10,0,268435456,16777216,0,256,768,485,0,0,0,128,384,259,128,384,226, 1806
SegmentId: 1286,HBWALL09,0,167772160,16777216,0,514,769,256,0,0,0,259,384,125,255,385,131, 1206
SegmentId: 486,HBCLOTH4,0,33554432,16777216,0,16,24,0,0,0,0,0,24,0,16,0,0, 406
SegmentId: 5938,HBARCH,0,805306368,16777216,0,519,894,208,0,0,0,261,462,104,258,432,104, 5858
SegmentId: 14408,MKBLG1,0,1929379840,16777216,0,347,695,463,0,0,0,193,371,182,154,324,281, 14328
SegmentId: 4802,SIGN01,0,570425344,16777216,0,88,112,16,0,0,0,43,105,8,45,7,8, 4722
SegmentId: 5594,WHEEL1,0,872415232,16777216,0,16,95,95,0,0,0,8,48,47,8,47,48, 5514
SegmentId: 17640,MKBLG7,0,2550136832,16777216,0,384,578,368,0,0,0,200,315,216,184,263,152, 17560
SegmentId: 26530,HBBLG04,0,3623878656,16777216,0,650,714,395,0,0,0,341,281,220,309,433,175, 26450
SegmentId: 5974,AVK_BSKT,0,956301312,16777216,0,36,20,36,0,0,0,18,0,18,18,20,18, 5894
SegmentId: 4822,MKTENT1,0,905969664,16777216,0,320,242,328,0,0,0,165,93,150,155,149,178, 4742
SegmentId: 1816,MKCARP2,0,201326592,16777216,0,128,26,32,0,0,0,64,13,16,64,13,16, 1736
SegmentId: 362,MKCARP1,0,16777216,16777216,0,256,0,128,0,0,0,128,0,64,128,0,64, 282
SegmentId: 8724,MKCART1,0,989855744,16777216,0,168,205,427,0,0,0,85,72,216,83,133,211, 8644
SegmentId: 7980,TWNGATE1,0,1140850688,16777216,0,1028,898,896,0,0,0,514,448,448,514,450,448, 7900
SegmentId: 12144,TSBLG01,0,1644167168,16777216,0,615,656,640,0,0,0,236,341,232,379,315,408, 12064
SegmentId: 8900,TWNBRDG,0,1627389952,16777216,0,1222,606,510,0,0,0,620,336,254,602,270,256, 8820
SegmentId: 10448,TSBLG03,0,1426063360,16777216,0,496,764,362,0,0,0,218,285,209,278,479,153, 10368
SegmentId: 4802,SIGN07,0,570425344,16777216,0,103,119,16,0,0,0,52,111,7,51,8,9, 4722
SegmentId: 33164,TAVERN,0,402653184,16777217,0,976,1131,1182,0,0,0,371,538,587,605,593,595, 33084
SegmentId: 11096,TSBLG05,0,1526726656,16777216,0,624,1054,512,0,0,0,367,427,257,257,627,255, 11016
SegmentId: 12176,TSSBLG01,0,1828716544,16777216,0,462,1314,460,0,0,0,231,657,230,231,657,230, 12096
SegmentId: 1958,CAMPW3,0,268435456,16777216,0,54,48,54,0,0,0,27,12,27,27,36,27, 1878
SegmentId: 1820,CAMPW4,0,268435456,16777216,0,47,32,54,0,0,0,27,12,27,20,20,27, 1740
SegmentId: 2858,HBWALL08,0,419430400,16777216,0,626,588,257,0,0,0,226,288,128,400,300,129, 2778
SegmentId: 1876,HBWALL07,0,251658240,16777216,0,541,593,257,0,0,0,284,281,129,257,312,128, 1796
SegmentId: 966,PKWALL01,0,83886080,16777216,0,256,148,58,0,0,0,132,66,29,124,82,29, 886
SegmentId: 2108,PKWALL03,0,268435456,16777216,0,315,148,315,0,0,0,159,66,158,156,82,157, 2028
SegmentId: 1994,PKWALL05,0,268435456,16777216,0,256,148,58,0,0,0,132,66,29,124,82,29, 1914
SegmentId: 1942,PKWALL02,0,251658240,16777216,0,262,148,58,0,0,0,138,66,29,124,82,29, 1862
SegmentId: 7330,PKARCH,0,1107296256,16777216,0,462,462,90,0,0,0,221,226,45,241,236,45, 7250
SegmentId: 1366,MKROPE1,0,150994944,16777216,0,400,33,2,0,0,0,200,16,1,200,17,1, 1286
SegmentId: 7684,MKBLG2,0,1006632960,16777216,0,1231,383,383,0,0,0,742,179,203,489,204,180, 7604
SegmentId: 35978,MKBLG5,0,2466250752,16777217,0,352,464,432,0,0,0,177,180,261,175,284,171, 35898
SegmentId: 13042,MKARCHS1,0,1560281088,16777216,0,991,383,319,0,0,0,476,223,164,515,160,155, 12962
SegmentId: 842,TWNGATE5,0,67108864,16777216,0,256,512,256,0,0,0,128,256,128,128,256,128, 762
SegmentId: 1390,TWNGATE4,0,150994944,16777216,0,192,112,256,0,0,0,96,56,128,96,56,128, 1310
SegmentId: 842,TWNGATE3,0,67108864,16777216,0,256,192,256,0,0,0,128,96,128,128,96,128, 762
SegmentId: 11910,STBLG00,0,1493172224,16777216,0,616,1201,432,0,0,0,338,454,195,278,747,237, 11830
SegmentId: 9932,HBGATE2,0,1174405120,16777216,0,494,640,64,0,0,0,248,312,32,246,328,32, 9852
SegmentId: 10562,WGWHEEL,0,1677721600,16777216,0,15,92,96,0,0,0,3,51,48,12,41,48, 10482
SegmentId: 3504,STAND,0,436207616,16777216,0,60,52,32,0,0,0,30,50,16,30,2,16, 3424
SegmentId: 1120,2X4,0,100663296,16777216,0,17,3,153,0,0,0,8,1,76,9,2,77, 1040
SegmentId: 80,BWAGA001,512,3422552064,117440512,0,219,246,413,0,0,0,109,41,327,110,205,86, 0
SegmentId: 7620,OQGATE01,0,1040187392,16777216,0,512,1604,2224,0,0,0,256,796,1112,256,808,1112, 7540
SegmentId: 7048,TSSBLG04,0,1006632960,16777216,0,519,853,575,0,0,0,267,395,356,252,458,219, 6968
SegmentId: 2386,OQGATE03,0,402653184,16777216,0,1552,768,258,0,0,0,1296,384,128,256,384,130, 2306
SegmentId: 1900,PKWALL04,0,251658240,16777216,0,172,142,60,0,0,0,88,70,30,84,72,30, 1820
SegmentId: 4826,SIGN06,0,570425344,16777216,0,97,117,16,0,0,0,56,108,8,41,9,8, 4746
SegmentId: 24254,MKBLG3A,0,3187671040,16777216,0,1006,498,695,0,0,0,545,195,325,461,303,370, 24174
SegmentId: 13410,MKBLG4,0,1795162112,16777216,0,398,592,396,0,0,0,249,266,194,149,326,202, 13330
SegmentId: 6706,PEFTBRBS,0,905969664,16777216,0,448,644,704,0,0,0,224,324,320,224,320,384, 6626
SegmentId: 822,JAILSIGN,0,83886080,16777216,0,200,50,3,0,0,0,100,25,3,100,25,0, 742
SegmentId: 1334,JAILP1,0,117440512,16777216,0,136,303,207,0,0,0,68,151,104,68,152,103, 1254
SegmentId: 966,STBLG01C,0,83886080,16777216,0,64,95,62,0,0,0,32,58,31,32,37,31, 886
SegmentId: 7696,STBLG02,0,1157627904,16777216,0,255,965,303,0,0,0,115,394,151,140,571,152, 7616
SegmentId: 6556,STBLG01,0,905969664,16777216,0,439,921,383,0,0,0,165,532,193,274,389,190, 6476
SegmentId: 12340,JAILFR00,0,1610612736,16777216,0,768,800,1088,0,0,0,768,800,480,0,0,608, 12260
SegmentId: 28848,OQGATE04,0,1476395008,16777217,0,1536,1504,576,0,0,0,944,624,288,592,880,288, 28768
SegmentId: 5344,OQ_RUBBL,0,1056964608,16777216,0,136,60,134,0,0,0,68,30,67,68,30,67, 5264
SegmentId: 8752,OQGATE02,0,1157627904,16777216,0,1600,1568,324,0,0,0,640,768,32,960,800,292, 8672
SegmentId: 10260,OQ_RUIN,0,1342177280,16777216,0,384,112,384,0,0,0,192,40,192,192,72,192, 10180
SegmentId: 1432,OQ_BEAM,0,201326592,16777216,0,32,32,512,0,0,0,16,16,256,16,16,256, 1352
SegmentId: 19692,JC_BL010,0,3858759680,16777216,0,1670,1280,1676,0,0,0,838,640,832,832,640,844, 19612
SegmentId: 1120,JC_CHIM2,0,100663296,16777216,0,48,128,80,0,0,0,24,0,40,24,128,40, 1040
SegmentId: 10334,THASHEAD,0,1979711488,16777216,0,58,72,68,0,0,0,29,36,34,29,36,34, 10254
SegmentId: 44132,THASSAD,0,436207616,16777218,0,344,538,294,0,0,0,172,269,147,172,269,147, 44052
SegmentId: 2278,WATERWAT,3355443200,301989888,16777216,0,253,576,208,0,0,0,80,272,128,173,304,80, 2198
SegmentId: 3318,WATERPAT,0,587202560,16777216,0,404,272,144,0,0,0,160,128,64,244,144,80, 3238
SegmentId: 16758,WATERFAL,0,2499805184,16777216,0,960,1264,768,0,0,0,432,560,384,528,704,384, 16678
SegmentId: 3858,PEBRIDGE,0,436207616,16777216,0,416,80,1008,0,0,0,208,48,128,208,32,880, 3778
SegmentId: 5630,PEBKBRBS,0,721420288,16777216,0,448,1088,400,0,0,0,224,544,200,224,544,200, 5550
SegmentId: 1050,OQGATE05,0,134217728,16777216,0,256,960,768,0,0,0,128,512,480,128,448,288, 970
SegmentId: 17210,OQ_RUIN2,0,3288334336,16777216,0,768,320,768,0,0,0,384,96,384,384,224,384, 17130
SegmentId: 2630,JC_BRAZE,0,469762048,16777216,0,56,52,48,0,0,0,28,26,24,28,26,24, 2550
SegmentId: 3464,WATROCK1,0,671088640,16777216,0,62,18,94,0,0,0,31,10,43,31,8,51, 3384
SegmentId: 11894,PEFRCRBS,0,1979711488,16777216,0,2436,1344,1824,0,0,0,1218,672,897,1218,672,927, 11814
SegmentId: 1180,JC_WAL0A,0,150994944,16777216,0,256,960,1024,0,0,0,128,480,512,128,480,512, 1100
SegmentId: 4218,JC_WAL00,0,788529152,16777216,0,640,960,2304,0,0,0,320,480,1408,320,480,896, 4138
SegmentId: 2394,JC_CHIM1,0,335544320,16777216,0,44,128,38,0,0,0,22,64,19,22,64,19, 2314
SegmentId: 12018,JC_BL000,0,2197815296,16777216,0,1152,1152,640,0,0,0,576,576,384,576,576,256, 11938
SegmentId: 1610,JC_BL09O,0,268435456,16777216,0,158,32,101,0,0,0,63,16,64,95,16,37, 1530
SegmentId: 1914,JC_BL09H,0,335544320,16777216,0,226,32,160,0,0,0,98,16,64,128,16,96, 1834
SegmentId: 1956,JC_BL09L,0,335544320,16777216,0,219,32,148,0,0,0,113,16,64,106,16,84, 1876
SegmentId: 1914,JC_BL09N,0,335544320,16777216,0,192,32,174,0,0,0,96,16,96,96,16,78, 1834
SegmentId: 1956,JC_BL09M,0,335544320,16777216,0,225,32,197,0,0,0,129,16,96,96,16,101, 1876
SegmentId: 1956,JC_BL09K,0,335544320,16777216,0,160,32,128,0,0,0,96,16,64,64,16,64, 1876
SegmentId: 1944,JC_BL09J,0,335544320,16777216,0,108,32,154,0,0,0,64,16,90,44,16,64, 1864
SegmentId: 1956,JC_BL09I,0,335544320,16777216,0,131,32,241,0,0,0,67,16,128,64,16,113, 1876
SegmentId: 2290,JC_BL09G,0,402653184,16777216,0,192,32,224,0,0,0,96,16,128,96,16,96, 2210
SegmentId: 21310,JC_BL009,0,4227858432,16777216,0,832,1024,512,0,0,0,384,512,256,448,512,256, 21230
SegmentId: 1914,JC_BL09E,0,335544320,16777216,0,128,32,192,0,0,0,64,16,96,64,16,96, 1834
SegmentId: 1932,JC_BL09C,0,335544320,16777216,0,192,32,128,0,0,0,96,16,64,96,16,64, 1852
SegmentId: 1926,JC_BL09F,0,335544320,16777216,0,192,32,142,0,0,0,96,16,78,96,16,64, 1846
SegmentId: 1956,JC_BL09A,0,335544320,16777216,0,236,32,166,0,0,0,128,16,96,108,16,70, 1876
SegmentId: 1914,JC_BL09B,0,335544320,16777216,0,192,32,96,0,0,0,96,16,32,96,16,64, 1834
SegmentId: 1932,JC_BL09D,0,335544320,16777216,0,132,32,96,0,0,0,68,16,32,64,16,64, 1852
SegmentId: 1042,NCSHOLS2,0,150994944,16777216,0,225,120,195,0,0,0,115,60,95,110,60,100, 962
SegmentId: 1042,NCSHOLS1,0,150994944,16777216,0,238,232,248,0,0,0,110,116,126,128,116,122, 962
SegmentId: 2298,PEFRLTBS,0,285212672,16777216,0,2304,512,1536,0,0,0,1153,256,769,1151,256,767, 2218
SegmentId: 7584,PESMDOME,0,1442840576,16777216,0,1152,512,1152,0,0,0,576,256,576,576,256,576, 7504
SegmentId: 1738,PESMTOWR,0,201326592,16777216,0,1024,512,1024,0,0,0,512,256,512,512,256,512, 1658
SegmentId: 2052,PEFRRTBS,0,234881024,16777216,0,2304,512,1536,0,0,0,1152,256,768,1152,256,768, 1972
SegmentId: 3036,PEKITCHN,0,385875968,16777216,0,1536,1024,1280,0,0,0,768,512,640,768,512,640, 2956
SegmentId: 25712,JC_BL007,0,805306368,16777217,0,1152,1184,768,0,0,0,704,576,384,448,608,384, 25632
SegmentId: 20758,CAVFAK01,0,4076863488,16777216,0,1024,338,1054,0,0,0,512,169,527,512,169,527, 20678
SegmentId: 3328,ROOT,0,603979776,16777216,0,40,36,60,0,0,0,20,18,30,20,18,30, 3248
SegmentId: 3382,ROCK3,0,654311424,16777216,0,182,114,204,0,0,0,91,57,102,91,57,102, 3302
SegmentId: 2046,ROCK5,0,335544320,16777216,0,208,46,190,0,0,0,80,0,110,128,46,80, 1966
SegmentId: 5790,CAVFAK,0,989855744,16777216,0,1600,704,1600,0,0,0,800,320,800,800,384,800, 5710
SegmentId: 6964,PEMNTWT1,0,1258291200,16777216,0,773,304,534,0,0,0,384,128,278,389,176,256, 6884
SegmentId: 3562,PEMNTWTP,0,503316480,16777216,0,1024,1024,1024,0,0,0,512,512,512,512,512,512, 3482
SegmentId: 842,PEUPFTBT,0,67108864,16777216,0,64,512,512,0,0,0,32,256,256,32,256,256, 762
SegmentId: 842,PELWFTBT,0,67108864,16777216,0,64,640,320,0,0,0,32,384,128,32,256,192, 762
SegmentId: 16360,JC_BL001,0,3120562176,16777216,0,1184,1408,912,0,0,0,656,640,448,528,768,464, 16280
SegmentId: 3290,JC_BL006,0,570425344,16777216,0,1056,1152,672,0,0,0,784,576,336,272,576,336, 3210
SegmentId: 1886,ACCESS,0,218103808,16777216,0,128,192,128,0,0,0,64,96,64,64,96,64, 1806
SegmentId: 2986,ROCK4,0,553648128,16777216,0,93,52,106,0,0,0,46,30,53,47,22,53, 2906
SegmentId: 2378,ROCK1,0,419430400,16777216,0,171,59,155,0,0,0,80,0,75,91,59,80, 2298
SegmentId: 1726,PEMNBSLT,0,201326592,16777216,0,1536,512,2944,0,0,0,768,256,1536,768,256,1408, 1646
SegmentId: 3598,PEMNDMLT,0,654311424,16777216,0,1280,1280,2560,0,0,0,640,640,1280,640,640,1280, 3518
SegmentId: 3658,PEMNDMRT,0,654311424,16777216,0,1280,1280,2560,0,0,0,640,640,1280,640,640,1280, 3578
SegmentId: 2246,PEMNBSRT,0,268435456,16777216,0,1664,512,2944,0,0,0,896,256,1536,768,256,1408, 2166
SegmentId: 16152,PEBALLR0,0,3103784960,16777216,0,2176,1664,2304,0,0,0,1088,832,1152,1088,832,1152, 16072
SegmentId: 19652,PEBALLRM,0,3690987520,16777216,0,1984,1664,2464,0,0,0,1024,832,1312,960,832,1152, 19572
SegmentId: 10824,JC_BL002,0,2046820352,16777216,0,704,1024,896,0,0,0,416,512,576,288,512,320, 10744
SegmentId: 9308,JC_WATER,0,1375731712,16777216,0,768,324,768,0,0,0,384,162,384,384,162,384, 9228
SegmentId: 7448,JC_BL005,0,1375731712,16777216,0,640,1216,704,0,0,0,256,512,384,384,704,320, 7368
SegmentId: 616,PEUPBKBT,0,50331648,16777216,0,128,512,768,0,0,0,64,256,384,64,256,384, 536
SegmentId: 842,PELWBKBT,0,67108864,16777216,0,128,640,320,0,0,0,64,256,128,64,384,192, 762
SegmentId: 2222,PEARMBAL,0,218103808,16777216,0,272,80,248,0,0,0,128,16,184,144,64,64, 2142
SegmentId: 2262,PEBALCNY,0,285212672,16777216,0,256,80,128,0,0,0,128,16,128,128,64,0, 2182
SegmentId: 4416,PEKINGBT,0,738197504,16777216,0,512,640,320,0,0,0,256,320,224,256,320,96, 4336
SegmentId: 11752,JC_BL003,0,2214592512,16777216,0,1344,1344,1184,0,0,0,704,640,544,640,704,640, 11672
SegmentId: 25002,JC_BL004,0,16777216,16777217,0,1152,1472,2048,0,0,0,704,768,1152,448,704,896, 24922
SegmentId: 3616,ROCK2,0,704643072,16777216,0,188,108,165,0,0,0,111,69,84,77,39,81, 3536
SegmentId: 3324,PESHBALY,0,385875968,16777216,0,1536,1024,128,0,0,0,768,512,64,768,512,64, 3244
SegmentId: 2478,PEARMYTW,0,285212672,16777216,0,1024,1408,768,0,0,0,512,704,384,512,704,384, 2398
SegmentId: 5844,PEARMORY,0,788529152,16777216,0,1056,1024,1280,0,0,0,544,512,640,512,512,640, 5764
SegmentId: 2610,PELEVER0,0,335544320,16777216,0,124,52,144,0,0,0,62,0,72,62,52,72, 2530
SegmentId: 3802,PELEVER1,0,603979776,16777216,0,124,576,144,0,0,0,62,288,72,62,288,72, 3722
SegmentId: 5366,PELEVER2,0,721420288,16777216,0,192,192,928,0,0,0,96,88,640,96,104,288, 5286
SegmentId: 2388,PERTWALL,0,285212672,16777216,0,256,640,2816,0,0,0,128,256,1280,128,384,1536, 2308
SegmentId: 32236,NCBOAT,0,2097152000,16777217,0,339,139,624,0,0,0,170,64,207,169,75,417, 32156
SegmentId: 3544,NCPILL02,0,553648128,16777216,0,64,632,64,0,0,0,32,320,32,32,312,32, 3464
SegmentId: 14210,CAVE,0,2785017856,16777216,0,1016,278,790,0,0,0,510,136,376,506,142,414, 14130
SegmentId: 1842,PEBGTOWR,0,234881024,16777216,0,1280,1344,1280,0,0,0,640,640,640,640,704,640, 1762
SegmentId: 32750,PELIFT01,0,2214592512,16777217,0,336,644,304,0,0,0,160,352,152,176,292,152, 32670
SegmentId: 34004,PELIFT02,0,301989888,16777217,0,1136,552,680,0,0,0,576,296,344,560,256,336, 33924
SegmentId: 13572,PELIFT03,0,1946157056,16777216,0,256,352,240,0,0,0,128,176,120,128,176,120, 13492
SegmentId: 31714,PELIFT00,0,83886080,16777217,0,416,976,416,0,0,0,240,512,232,176,464,184, 31634
SegmentId: 6690,PEBGDOR1,0,939524096,16777216,0,28,309,190,0,0,0,28,165,190,0,144,0, 6610
SegmentId: 6690,PEBGDOR0,0,939524096,16777216,0,28,309,190,0,0,0,28,165,0,0,144,190, 6610
SegmentId: 724,PENHWALL,0,50331648,16777216,0,1408,512,128,0,0,0,704,256,64,704,256,64, 644
SegmentId: 6652,PEINWALL,0,905969664,16777216,0,256,1024,1152,0,0,0,128,512,576,128,512,576, 6572
SegmentId: 14432,PELIFT07,0,2080374784,16777216,0,304,420,304,0,0,0,176,192,176,128,228,128, 14352
SegmentId: 12684,PELIFT05,0,1694498816,16777216,0,800,352,640,0,0,0,416,168,288,384,184,352, 12604
SegmentId: 3074,PELIFT06,0,369098752,16777216,0,376,52,256,0,0,0,376,20,128,0,32,128, 2994
SegmentId: 7598,PELIFT04,0,1224736768,16777216,0,304,1240,384,0,0,0,176,640,192,128,600,192, 7518
SegmentId: 4232,PELEVER3,0,570425344,16777216,0,16,116,34,0,0,0,8,108,18,8,8,16, 4152
SegmentId: 8682,PELEVER4,0,1241513984,16777216,0,128,118,128,0,0,0,64,107,64,64,11,64, 8602
SegmentId: 11568,PEWELL00,0,1593835520,16777216,0,320,344,266,0,0,0,160,192,133,160,152,133, 11488
SegmentId: 2538,PESTABLE,0,285212672,16777216,0,1568,384,544,0,0,0,768,128,256,800,256,288, 2458
SegmentId: 1166,NCPOLE01,0,117440512,16777216,0,10,167,11,0,0,0,5,84,5,5,83,6, 1086
SegmentId: 3042,NC_ROPEK,0,436207616,16777216,0,26,12,32,0,0,0,13,6,16,13,6,16, 2962
SegmentId: 1120,NCPLAK01,0,100664320,16777216,0,256,16,64,0,0,0,128,8,32,128,8,32, 1040
SegmentId: 4482,NC_ROPE,0,838860800,16777216,0,1198,95,10,0,0,0,599,90,5,599,5,5, 4402
SegmentId: 4144,NCSHOL10,0,805306368,16777216,0,591,326,662,0,0,0,286,163,320,305,163,342, 4064
SegmentId: 5012,NCSHOL07,0,973078528,16777216,0,1568,624,1316,0,0,0,725,312,670,843,312,646, 4932
SegmentId: 6732,NCSHOL03,0,1342177280,16777216,0,872,696,1410,0,0,0,436,348,705,436,348,705, 6652
SegmentId: 3062,SHRINE01,0,419430400,16777216,0,256,24,256,0,0,0,128,12,128,128,12,128, 2982
SegmentId: 1568,RDSIGN2C,0,167772160,16777216,0,80,16,4,0,0,0,42,6,2,38,10,2, 1488
SegmentId: 1568,RDSIGN1A,0,167772160,16777216,0,80,16,4,0,0,0,38,6,2,42,10,2, 1488
SegmentId: 3404,PEBKTOWR,0,520093696,16777216,0,512,1280,512,0,0,0,255,640,256,257,640,256, 3324
SegmentId: 1682,PEBKWALL,0,167772160,16777216,0,1664,512,512,0,0,0,832,256,256,832,256,256, 1602
SegmentId: 2534,PEBKWAL0,0,268435456,16777216,0,2176,512,256,0,0,0,1088,256,128,1088,256,128, 2454
SegmentId: 3218,PECRNRTW,0,469762048,16777216,0,512,1280,512,0,0,0,256,640,256,256,640,256, 3138
SegmentId: 8702,NCSHOL09,0,1728053248,16777216,0,1690,702,2087,0,0,0,909,351,1052,781,351,1035, 8622
SegmentId: 3062,SHRINE02,0,419430400,16777216,0,256,24,256,0,0,0,128,12,128,128,12,128, 2982
SegmentId: 4938,NCSHOL05,0,989855744,16777216,0,1384,727,1536,0,0,0,704,364,827,680,363,709, 4858
SegmentId: 4858,NCSHOL01,0,956301312,16777216,0,731,442,894,0,0,0,387,221,488,344,221,406, 4778
SegmentId: 2894,CV_TRCH3,0,419430400,16777216,0,52,16,20,0,0,0,26,8,10,26,8,10, 2814
SegmentId: 13154,X_SERPNT,0,2483027968,16777216,0,2780,148,3899,0,0,0,225,0,3033,2555,148,866, 13074
SegmentId: 9504,NCSHOL06,0,1895825408,16777216,0,674,426,1272,0,0,0,337,213,636,337,213,636, 9424
SegmentId: 7964,NCSHOL04,0,1627389952,16777216,0,1586,702,1692,0,0,0,795,351,846,791,351,846, 7884
SegmentId: 4540,NCSHOL02,0,905969664,16777216,0,980,726,1266,0,0,0,490,363,594,490,363,672, 4460
SegmentId: 2164,NCDOCK01,0,251658240,16777216,0,640,64,640,0,0,0,320,32,320,320,32,320, 2084
SegmentId: 3118,CATADOR2,0,452984832,16777216,0,768,376,664,0,0,0,384,188,344,384,188,320, 3038
SegmentId: 2968,CTHAND01,0,402653184,16777216,0,78,10,66,0,0,0,39,0,33,39,10,33, 2888
SegmentId: 1302,CTHAND02,0,184549376,16777216,0,78,63,67,0,0,0,39,63,35,39,0,32, 1222
SegmentId: 3378,XSTARROK,0,637534208,16777216,0,17,7,21,0,0,0,9,3,10,8,4,11, 3298
SegmentId: 2694,GYPPUZLE,0,385875968,16777216,0,528,4,528,0,0,0,264,2,264,264,2,264, 2614
SegmentId: 3690,GYPKNOB,0,536870912,16777216,0,14,16,18,0,0,0,7,8,0,7,8,18, 3610
SegmentId: 2806,GYPGRAVE,0,452984832,16777216,0,128,108,208,0,0,0,64,54,104,64,54,104, 2726
SegmentId: 966,GYPSHUTR,0,83886080,16777216,0,8,64,32,0,0,0,4,32,16,4,32,16, 886
SegmentId: 1962,GYPBENCH,0,234881024,16777216,0,64,80,42,0,0,0,32,40,21,32,40,21, 1882
SegmentId: 9028,GYPWHEEL,0,1610612736,16777216,0,32,186,196,0,0,0,16,93,98,16,93,98, 8948
SegmentId: 46114,GYPCART,0,3556769792,16777217,0,296,482,1066,0,0,0,148,241,538,148,241,528, 46034
SegmentId: 9022,GYPTENT,0,1761607680,16777216,0,416,306,335,0,0,0,232,129,165,184,177,170, 8942
SegmentId: 80,GREMA001,512,1694498816,1660944385,0,24,61,15,0,0,0,13,61,10,11,0,5, 0
SegmentId: 80,SWAPA001,512,3607101440,218103809,0,40,127,53,0,0,0,21,61,0,19,66,53, 0
SegmentId: 80,CYRSA001,512,3607101440,3036676097,0,48,128,49,0,0,0,24,62,11,24,66,38, 0
SegmentId: 80,CYRSA002,512,3607101440,2046820353,0,51,119,59,0,0,0,24,61,15,27,58,44, 0
SegmentId: 80,CYRSA003,512,3607101440,1543503873,0,42,163,36,0,0,0,20,68,11,22,95,25, 0
SegmentId: 80,CYRSA004,512,3607101440,1610612737,0,47,128,49,0,0,0,24,62,11,23,66,38, 0
SegmentId: 80,CYRSA005,512,4261412864,704643073,0,61,126,84,0,0,0,42,61,45,19,65,39, 0
SegmentId: 80,CYRSA006,512,3607101440,2013265921,0,52,128,56,0,0,0,25,62,18,27,66,38, 0
SegmentId: 80,CYRSA007,512,3607101440,1006632961,0,38,140,54,0,0,0,19,61,28,19,79,26, 0
SegmentId: 80,CYRSA008,512,3607101440,1509949441,0,46,127,56,0,0,0,21,62,17,25,65,39, 0
SegmentId: 80,CYRSA009,512,3607101440,822083585,0,48,115,85,0,0,0,30,61,20,18,54,65, 0
SegmentId: 80,CYRSA010,512,3607101440,352321537,0,54,110,84,0,0,0,33,62,13,21,48,71, 0
SegmentId: 80,CYRSA011,512,3607101440,452984833,0,48,113,91,0,0,0,27,62,27,21,51,64, 0
SegmentId: 80,CYRSA012,512,3607101440,2181038081,0,66,123,79,0,0,0,33,61,39,33,62,40, 0
SegmentId: 80,CYRSA013,512,3607101440,3103784961,0,45,127,57,0,0,0,22,62,19,23,65,38, 0
SegmentId: 80,CYRSA014,512,3607101440,2197815297,0,55,123,64,0,0,0,30,62,27,25,61,37, 0
SegmentId: 80,CYRSA015,512,3607101440,704643073,0,59,135,70,0,0,0,31,69,31,28,66,39, 0
SegmentId: 80,CYRSA016,512,3523215360,369098753,0,69,129,73,0,0,0,36,61,34,33,68,39, 0
SegmentId: 80,CYRSA017,512,3623878656,201326593,0,46,70,58,0,0,0,28,62,27,18,8,31, 0
SegmentId: 80,CYRSA018,512,3607101440,452984833,0,48,127,50,0,0,0,24,62,11,24,65,39, 0
SegmentId: 80,KANA001,512,989855744,1124073473,0,111,62,39,0,0,0,55,62,9,56,0,30, 0
SegmentId: 80,CYRSA019,512,3607101440,587202561,0,47,128,49,0,0,0,23,62,11,24,66,38, 0
SegmentId: 80,CYRSA020,512,3607101440,67108865,0,86,102,88,0,0,0,57,61,36,29,41,52, 0
SegmentId: 80,CYRSA021,512,3607101440,738197505,0,48,126,51,0,0,0,24,61,11,24,65,40, 0
SegmentId: 80,CYRSA023,512,3607101440,218103809,0,52,127,67,0,0,0,27,62,28,25,65,39, 0
SegmentId: 80,THUGA001,512,2030043136,671088641,0,49,130,58,0,0,0,23,64,20,26,66,38, 0
SegmentId: 80,THUGA002,512,1996488704,905969665,0,86,100,55,0,0,0,50,64,0,36,36,55, 0
SegmentId: 80,THUGA003,512,2030043136,889192449,0,44,130,49,0,0,0,21,64,8,23,66,41, 0
SegmentId: 80,THUGA004,512,1996488704,150994945,0,73,105,56,0,0,0,46,64,0,27,41,56, 0
SegmentId: 80,THUGA005,512,2030043136,3472883713,0,44,130,60,0,0,0,20,64,18,24,66,42, 0
SegmentId: 80,OXA001,512,2785017856,184549377,0,88,129,232,0,0,0,44,83,126,44,46,106, 0
SegmentId: 80,COYLA001,512,1761607680,1627389953,0,35,125,15,0,0,0,17,63,6,18,62,9, 0
SegmentId: 80,SABAA001,512,2986344448,117440513,0,86,61,39,0,0,0,66,61,18,20,0,21, 0
SegmentId: 80,SABAA002,512,2986344448,402653185,0,79,62,51,0,0,0,60,62,25,19,0,26, 0
SegmentId: 80,SABAA003,512,2986344448,1241513985,0,36,104,38,0,0,0,20,60,29,16,44,9, 0
SegmentId: 80,SERPA001,512,402653184,1040187393,0,118,1074,195,0,0,0,60,473,138,58,601,57, 0
SegmentId: 80,TENTA001,512,452984832,100663296,0,16,134,46,0,0,0,4,0,43,12,134,3, 0
SegmentId: 80,BMANA001,512,4244635648,1174405120,0,378,382,262,0,0,0,207,94,262,171,288,0, 0
SegmentId: 80,GARDA001,512,1946157056,1677721601,0,45,127,31,0,0,0,22,61,15,23,66,16, 0
SegmentId: 80,GARDA002,512,1946157056,3053453313,0,48,110,95,0,0,0,26,62,28,22,48,67, 0
SegmentId: 80,GARDA003,512,1946157056,234881025,0,45,127,31,0,0,0,22,61,15,23,66,16, 0
SegmentId: 80,GARDA004,512,1946157056,385875969,0,45,128,37,0,0,0,21,61,16,24,67,21, 0
SegmentId: 80,CANAA002,512,771751936,83886080,0,207,218,144,0,0,0,104,74,144,103,144,0, 0
SegmentId: 80,FLAGA01,512,1006632960,687865856,0,108,198,64,0,0,0,6,141,64,102,57,0, 0
SegmentId: 80,AVIKA001,512,1879048192,2080374785,0,42,77,46,0,0,0,21,23,20,21,54,26, 0
SegmentId: 80,CRENA001,512,2181038080,1929379841,0,38,124,20,0,0,0,17,65,14,21,59,6, 0
SegmentId: 80,SNAKA01,512,469762048,218103808,0,12,34,10,0,0,0,5,0,5,7,34,5, 0
SegmentId: 80,LAKEA001,512,1761607680,671088641,0,34,121,21,0,0,0,17,63,12,17,58,9, 0
SegmentId: 80,TS_RP,512,117440512,570425344,0,2,31,2,0,0,0,1,21,1,1,10,1, 0
SegmentId: 80,WOMEA001,512,2181038080,2181038081,0,34,119,22,0,0,0,19,63,14,15,56,8, 0
SegmentId: 80,ROBOA001,512,1140850688,1879048193,0,56,55,56,0,0,0,28,27,28,28,28,28, 0
SegmentId: 80,ROBOA002,512,1140850688,218103809,0,163,105,65,0,0,0,97,28,28,66,77,37, 0
SegmentId: 80,ROBOA003,512,1140850688,218103809,0,158,109,62,0,0,0,93,27,27,65,82,35, 0
SegmentId: 80,BEAMA001,1509949952,201326592,67108864,0,2048,154,68,0,0,0,2048,77,34,0,77,34, 0
SegmentId: 80,YAELA001,512,2868903936,1459617793,0,33,118,44,0,0,0,15,66,11,18,52,33, 0
SegmentId: 80,SEALOW,512,335544320,150994944,0,117,16,49,0,0,0,59,16,24,58,0,25, 0
